15
6 11
0 18 48 0 15 31 40 3 7 13 33
0 0 10 40 34 0 0 0 0 0 11
0 0 34 23 0 34 0 9 0 45 43
4 29 26 29 0 27 0 0 17 38 39
37 7 20 44 0 0 0 0 0 0 0
0 0 18 17 39 17 0 0 9 34 0
19
1 8
2 0
1 1
4 1
1 0
1 6
1 7
0 1
5 7
2 6
3 9
3 4
1 7
2 1
2 0
4 8
2 7
3 4
1 3
13
2 4 24
4 3 4
2 0 5
3 3 1
4 3 41
3 5 16
1 4 49
2 10 39
3 0 48
0 3 11
4 3 22
0 4 17
3 6 24
32 45 34 30 41 17 3 20 28 15 11
12
1 0 47
2 1 34
1 3 5
4 0 34
3 0 30
5 5 39
1 5 43
2 2 16
1 5 19
0 4 29
1 1 49
1 4 25
12 12
1 15 34 43 8 38 39 16 41 29 22 39
23 1 7 3 16 31 49 49 38 29 6 36
29 19 14 5 25 22 13 41 32 12 5 19
32 46 20 39 32 30 25 45 9 17 27 2
46 17 10 34 38 26 48 18 12 45 8 27
7 27 25 17 23 34 23 27 10 10 22 15
38 49 48 20 46 25 10 28 7 31 33 42
21 33 30 1 9 32 17 23 3 10 9 47
32 1 27 1 47 22 20 25 49 39 26 35
40 15 1 30 25 8 4 12 9 21 16 11
16 30 29 39 10 48 39 14 32 27 7 45
41 45 21 44 45 8 22 33 18 44 36 3
19
3
1
11
11
11
10
3
2
9
10
4
5
5
7
1
3
9
2
2
6 9
0 17 3 12 0 48 8 23 0
0 0 43 31 5 0 7 17 4
18 26 0 0 3 40 0 0 45
0 25 0 5 0 0 32 38 31
0 30 0 31 0 0 47 19 0
15 17 40 0 0 6 0 0 6
18
5 7
1 1
2 5
1 3
0 3
0 1
2 3
3 5
3 3
0 0
3 1
3 1
5 0
5 4
3 7
2 6
0 4
0 3
8
2 8 17
3 7 29
1 1 26
4 8 30
2 5 33
2 6 14
2 3 12
5 7 25
22 7 26 23 29 6 14 44 39
6
4 0 1
3 4 35
5 2 8
2 1 8
5 3 10
4 5 20
10 12
43 31 5 12 13 9 29 43 25 3 16 41
28 3 8 44 32 19 37 21 26 6 37 20
45 5 10 21 38 39 35 18 22 43 4 15
41 31 1 36 6 7 8 42 17 21 21 5
19 11 11 44 43 8 5 23 1 45 5 47
6 19 1 49 41 6 32 1 49 39 49 25
47 41 19 26 35 8 16 47 41 21 33 24
25 12 4 5 3 47 29 34 27 33 29 17
47 30 32 45 0 49 21 8 40 13 48 42
15 11 33 34 9 38 13 27 13 35 11 32
15
8
6
9
9
2
1
8
9
2
8
4
3
5
5
7
5 6
47 25 31 0 0 0
0 3 48 0 0 0
9 48 12 0 0 0
46 0 1 0 6 29
48 0 0 14 0 0
19
1 1
4 0
2 0
4 1
4 2
0 2
1 1
2 3
1 1
4 0
3 1
0 4
3 2
1 3
2 4
2 1
3 4
4 4
3 5
10
0 1 32
0 5 21
1 5 49
2 0 44
3 2 43
0 0 26
1 3 13
0 4 42
4 2 10
1 1 2
13 16 24 23 42 28
8
0 3 16
1 3 11
0 4 41
1 4 34
4 4 38
2 3 47
1 2 45
2 0 34
6 6
42 9 35 41 32 37
4 35 35 29 46 47
20 46 39 39 1 21
23 17 8 20 21 7
46 25 47 4 42 17
29 36 5 48 23 21
17
4
5
3
4
4
2
3
4
2
1
4
1
0
1
1
4
4
8 10
0 0 13 0 0 0 0 43 0 37
0 7 0 0 35 28 0 15 0 0
0 29 5 2 36 0 0 10 0 0
36 13 0 0 0 0 20 43 43 36
10 0 0 0 36 0 0 27 20 0
0 0 0 41 39 9 0 0 28 0
0 6 5 37 31 0 0 0 0 0
0 39 45 0 15 18 42 8 34 0
8
0 1
0 3
1 6
2 0
1 1
3 4
2 6
7 9
7
7 2 7
7 1 20
0 5 9
7 7 27
3 0 0
2 0 17
0 4 49
31 9 17 41 43 43 11 3 49 4
11
5 5 47
7 3 28
3 1 13
4 3 41
6 3 22
7 4 19
4 2 29
6 4 45
0 0 13
6 6 47
3 0 40
7 6
2 15 27 19 2 7
37 43 0 19 41 19
43 33 7 0 6 18
11 34 18 4 8 36
2 16 9 39 36 25
19 1 43 0 43 30
41 10 11 42 17 13
14
3
0
2
3
4
4
3
0
1
2
3
1
3
4
7 10
0 0 12 11 7 26 10 0 40 0
7 0 0 0 0 37 8 0 0 15
0 29 18 0 0 1 26 44 0 33
47 32 0 31 47 38 0 43 0 0
0 35 41 0 0 13 0 32 47 0
31 15 0 0 31 0 47 0 0 2
0 28 0 0 0 0 41 27 25 0
8
1 9
4 2
4 3
6 5
2 2
2 8
0 9
5 6
9
4 2 5
2 1 4
5 8 40
0 8 18
4 8 6
6 4 22
4 8 31
3 4 13
4 7 31
42 31 45 48 41 5 7 30 44 30
5
3 6 41
1 3 2
0 1 36
2 1 17
2 0 43
8 11
37 25 42 12 15 33 47 5 0 34 27
27 44 40 46 45 45 25 25 28 1 18
0 11 33 0 40 35 10 1 30 40 2
1 27 12 23 30 26 7 18 4 42 29
1 31 37 13 44 1 7 2 7 45 40
43 24 16 3 14 0 8 22 7 23 45
38 25 13 41 23 44 31 37 33 36 27
46 43 20 21 41 4 33 41 19 6 28
5
5
6
7
6
1
7 9
0 0 35 0 8 6 0 0 0
21 0 0 0 33 0 0 0 0
4 47 49 0 14 0 42 2 0
21 38 0 0 48 47 0 0 47
0 0 0 3 0 0 41 0 0
3 13 46 0 0 13 42 5 0
29 0 37 39 34 0 35 33 11
9
5 7
4 2
6 1
0 5
0 0
3 3
4 5
3 1
2 4
5
5 5 34
1 8 49
6 8 40
6 3 41
2 7 4
17 38 29 11 46 43 27 47 22
13
1 0 3
1 0 31
2 0 3
5 2 33
0 3 12
3 5 23
3 2 36
5 2 5
6 1 15
4 2 9
0 2 1
0 6 27
0 6 18
5 12
30 43 4 22 38 16 19 4 48 47 34 48
38 26 8 35 5 4 33 5 3 30 7 27
32 47 25 17 42 8 26 18 27 10 36 7
23 18 11 34 6 7 24 22 40 47 9 2
38 34 24 17 40 18 36 37 11 30 42 28
6
2
4
2
1
4
1
5 5
0 24 10 28 0
46 14 0 0 12
16 0 0 0 0
0 0 0 0 49
19 0 0 35 29
5
3 4
1 4
4 3
0 2
0 0
14
2 4 10
2 2 15
2 0 35
4 4 11
1 4 48
0 2 30
3 0 3
1 0 38
2 2 46
4 4 44
4 3 49
3 4 27
4 4 34
3 2 8
20 28 20 40 47
15
1 4 47
3 3 25
1 3 13
3 1 11
1 2 2
2 1 8
0 0 46
0 0 44
2 3 44
2 1 32
2 2 11
2 4 39
0 0 13
4 0 42
3 1 33
8 9
6 18 12 47 27 24 27 4 26
47 18 10 33 43 29 2 47 45
40 40 19 46 48 33 24 45 9
6 10 15 46 8 38 0 24 33
30 39 28 14 20 20 23 49 27
25 39 37 16 4 31 8 24 19
33 38 34 2 21 21 7 14 40
41 25 40 29 34 28 11 17 0
7
7
2
2
7
6
5
7
7 7
0 28 0 0 35 35 0
23 40 45 40 0 0 0
44 14 38 0 16 0 0
17 40 31 20 42 49 41
0 0 49 0 0 42 0
24 0 0 0 35 0 0
21 0 0 30 1 40 0
18
6 5
2 1
0 0
6 4
0 6
0 0
5 0
0 1
1 5
5 1
1 3
3 6
3 6
4 6
0 2
0 3
4 0
1 1
10
3 1 13
2 0 14
4 6 5
2 6 33
2 2 17
0 6 43
5 3 32
0 0 7
3 2 6
0 5 29
35 31 46 27 37 12 13
18
6 2 7
0 5 24
4 4 49
4 6 13
1 1 41
3 0 2
4 2 16
2 1 49
5 2 20
4 3 14
6 4 14
1 5 1
2 0 25
4 3 19
6 0 21
6 2 9
0 1 1
1 5 37
6 11
24 24 14 14 3 39 23 45 44 3 22
12 37 41 42 36 14 41 35 18 29 28
42 47 17 24 22 30 23 36 17 32 45
44 23 37 26 9 29 18 10 17 41 45
13 17 46 15 29 34 2 22 41 28 1
43 41 42 23 35 33 33 13 5 4 46
13
4
1
3
4
3
5
0
1
5
4
2
2
3
8 12
25 38 45 0 0 0 0 18 20 0 12 35
0 45 42 0 43 1 0 0 33 0 18 0
21 0 40 18 17 0 39 7 37 47 0 0
0 4 37 0 0 0 0 41 47 0 0 0
0 0 2 39 0 0 0 12 0 0 0 0
11 34 0 0 21 0 19 7 0 0 0 0
0 0 0 43 11 0 0 0 0 39 0 13
30 18 0 44 0 0 7 0 0 14 9 0
17
7 3
6 11
1 9
5 6
4 3
7 11
1 11
2 4
3 4
2 11
6 7
2 8
3 2
4 8
7 8
6 9
2 0
18
1 7 8
1 11 31
1 11 39
5 5 2
4 9 32
3 1 40
4 1 20
3 2 36
6 4 43
3 3 24
6 8 43
7 8 46
1 5 42
7 1 40
1 2 5
3 2 16
6 9 0
1 7 25
35 7 27 31 8 48 43 35 22 16 29 48
17
0 2 13
2 1 16
6 4 34
2 1 24
3 0 20
1 5 19
1 2 48
3 0 33
3 4 45
2 6 41
5 6 41
5 0 15
2 5 48
1 0 43
4 6 5
0 4 17
1 6 32
9 9
45 9 15 43 36 44 27 14 5
9 5 35 10 42 21 9 34 41
34 32 26 34 19 26 39 11 13
2 39 46 16 11 28 20 21 31
35 36 44 42 28 48 5 20 29
24 20 32 32 48 31 25 0 23
31 30 16 5 6 21 14 24 39
42 6 47 3 29 29 34 25 42
11 45 36 30 17 43 39 4 32
15
6
8
8
5
8
3
2
2
7
5
7
0
0
8
8
10 8
0 48 42 30 26 28 0 0
0 23 0 40 0 2 0 44
0 0 25 0 0 0 5 25
11 38 0 44 0 0 7 0
0 0 39 49 0 20 0 0
13 0 0 0 0 4 9 0
34 0 0 0 23 12 0 0
0 39 26 25 0 45 0 0
9 30 0 39 0 46 39 48
39 35 40 15 28 0 48 0
18
7 1
5 0
6 2
4 4
5 2
7 7
7 5
2 1
3 3
4 5
9 2
0 4
7 4
4 6
9 3
8 1
9 6
3 1
19
9 5 32
2 3 31
5 0 16
5 7 29
0 3 30
3 5 42
5 0 11
0 1 17
9 1 47
9 7 44
7 4 16
4 0 14
3 1 36
5 0 29
6 4 29
4 6 4
2 2 46
0 6 6
7 0 28
25 2 9 12 25 39 1 6
18
0 0 4
6 3 38
0 4 28
3 3 26
0 6 44
6 4 31
7 6 35
0 5 25
5 4 27
5 2 4
3 7 39
5 0 3
1 3 17
1 7 10
7 5 6
1 3 2
7 7 47
2 2 47
11 11
48 16 39 47 0 43 30 25 5 8 36
7 37 43 1 5 47 31 10 3 30 34
32 48 28 12 33 9 46 2 21 15 16
35 48 35 3 34 28 19 43 44 4 47
32 16 38 22 27 28 35 5 44 31 9
40 46 25 12 22 25 5 43 11 11 33
30 1 22 22 32 22 0 24 14 48 42
13 37 37 23 1 25 8 32 28 11 20
18 6 35 46 27 24 15 18 25 43 12
19 37 32 20 8 34 26 13 13 45 25
45 49 3 15 30 8 14 29 41 17 4
11
4
6
6
6
8
3
9
10
0
1
5
10 6
0 0 41 0 0 0
0 0 43 0 21 48
9 29 18 0 29 0
0 0 2 3 0 0
0 17 0 36 33 48
1 0 0 44 0 0
40 0 0 19 0 24
0 0 0 22 15 2
0 44 0 0 0 11
0 47 22 0 0 23
16
6 0
8 4
0 2
2 0
2 4
5 2
8 0
0 4
5 0
7 0
0 0
4 0
4 0
5 5
1 0
8 4
17
3 5 32
1 4 10
2 3 21
8 2 40
9 4 5
7 4 41
9 4 1
8 3 43
1 0 42
7 4 31
3 3 43
2 0 19
1 4 7
4 0 0
2 2 39
7 0 12
3 5 24
14 44 46 20 15 45
6
4 5 46
3 0 48
4 3 5
5 1 0
4 5 30
4 5 2
9 12
8 1 6 7 22 34 9 30 14 2 44 28
26 10 14 37 33 44 16 17 1 36 1 27
44 15 42 4 40 47 31 31 48 18 36 16
20 13 33 39 30 37 47 11 32 4 16 2
34 6 6 37 13 21 2 33 20 45 15 20
36 5 17 35 32 11 5 48 30 12 11 15
37 44 48 35 14 4 32 32 26 49 33 47
21 21 22 42 23 30 39 43 35 25 42 21
1 36 8 49 19 40 38 17 47 13 14 18
9
3
5
7
6
8
3
8
8
0
8 6
4 5 24 0 22 1
0 0 0 4 49 45
8 14 28 0 11 16
0 26 0 26 22 14
17 0 47 41 19 17
8 0 0 0 2 0
33 0 24 10 0 11
38 0 47 16 33 29
16
1 1
5 1
0 2
2 0
2 4
1 5
0 3
1 5
7 4
1 5
7 0
5 2
0 2
5 3
0 1
2 1
19
1 0 31
3 0 25
7 5 37
0 0 22
4 3 9
6 5 13
4 2 37
4 3 45
0 1 28
6 1 14
2 2 40
0 2 40
7 4 17
4 4 49
5 2 11
3 5 31
6 4 36
7 5 37
3 5 45
9 45 31 6 9 46
16
0 3 39
2 2 31
4 4 48
3 3 25
3 5 16
3 1 21
3 3 35
0 5 24
1 4 4
0 3 45
4 0 40
0 1 37
4 5 29
5 5 25
5 4 39
4 4 12
10 5
36 37 33 8 8
44 29 16 42 12
26 39 38 33 30
22 21 12 41 13
39 32 12 31 49
2 47 44 11 14
28 49 10 7 11
41 13 12 33 12
37 5 16 43 14
20 48 43 47 20
9
3
1
3
4
0
1
4
3
3
5 6
0 27 28 22 0 0
23 0 18 0 40 0
41 0 21 0 24 28
0 8 23 0 0 0
0 11 32 42 0 38
19
2 3
4 3
4 5
2 5
2 4
2 2
2 1
1 0
2 1
2 0
2 4
2 0
4 3
0 4
2 5
3 3
0 0
0 5
0 2
16
3 2 1
1 4 18
1 3 15
4 1 26
4 0 34
3 5 11
0 0 2
0 4 40
1 3 12
4 3 17
2 0 10
4 2 35
4 0 34
0 3 35
0 4 26
1 3 14
31 38 29 22 39 39
13
1 1 33
0 1 27
4 2 3
1 4 23
3 2 1
0 1 49
3 3 5
3 0 31
4 0 26
2 1 13
0 3 0
0 3 40
4 0 11
5 6
16 23 16 37 47 34
44 42 22 45 43 29
44 34 31 45 37 1
26 45 4 49 35 22
5 11 23 17 19 22
17
0
2
1
1
4
0
2
1
3
1
3
1
0
0
3
2
0
6 11
32 43 16 0 0 0 0 26 0 0 0
0 1 0 0 0 21 26 28 45 0 0
0 17 0 0 28 0 10 0 0 0 0
42 3 41 0 0 2 48 0 0 0 0
0 0 41 47 0 15 46 33 0 47 20
0 20 0 0 26 0 49 27 0 0 12
13
4 9
0 0
1 4
5 9
0 6
4 3
3 3
1 5
1 1
4 1
4 9
5 0
0 4
6
1 1 2
2 8 16
5 5 24
4 8 36
0 7 22
2 1 41
22 31 2 44 22 8 48 43 4 13 31
18
0 0 35
4 4 2
1 0 7
1 2 0
2 0 37
0 4 21
4 1 8
1 2 8
0 5 0
0 1 35
0 4 9
4 0 8
2 1 32
2 1 0
2 5 17
3 2 14
5 4 0
5 5 18
8 11
43 20 29 10 21 1 16 23 31 25 6
39 48 8 4 16 48 11 44 10 5 27
9 48 39 22 47 46 23 16 40 0 27
42 5 44 36 45 32 17 20 15 27 34
33 14 7 48 2 44 28 18 45 48 11
3 12 14 49 17 8 19 18 15 37 47
42 41 12 31 19 36 28 37 30 15 27
46 7 15 20 24 33 40 37 19 28 27
10
3
2
0
0
5
5
6
7
0
5
5 12
0 0 10 0 18 11 0 36 0 0 0 0
49 27 6 9 13 0 12 1 11 30 0 0
42 0 13 30 31 23 0 30 33 5 0 0
0 0 0 0 42 0 13 0 17 0 0 0
41 0 42 0 25 0 0 36 48 0 13 0
17
4 8
2 10
4 9
0 1
3 10
0 9
2 9
2 8
3 0
4 5
0 1
4 0
1 1
0 6
1 6
2 2
3 1
6
2 10 34
3 4 15
4 3 44
0 2 30
1 0 3
0 0 40
8 37 19 38 21 27 42 48 29 45 32 49
12
4 1 45
1 2 25
4 2 20
4 2 48
4 4 49
3 1 40
3 4 45
2 3 11
0 3 47
0 1 0
3 4 0
3 2 30
8 6
10 45 8 22 15 0
29 11 17 41 10 13
38 33 44 19 44 4
24 4 28 22 13 17
41 26 48 18 17 40
40 46 14 37 28 37
44 10 48 23 41 46
9 32 46 1 0 44
19
0
0
3
0
2
3
4
5
3
5
2
4
1
1
2
3
5
1
4
