Case #1
715
851
508

Case #2
5557
3034
5477
0613

Case #3
954471
304564
793583
018254
333487
616940

Case #4
621756192
618834784
460677169
432052672
737486051
759318353
515053247
251148445
809366908

Case #5
48392
07647
80351
19496
67445

Case #6
956753136
074616019
896734177
113774935
853547648
753115364
971169128
034931140
313531053

Case #7
4143
3300
0100
4199

Case #8
145873
629209
387339
342557
810381
180295

Case #9
108660
054373
410275
581297
576242
997267

Case #10
560408128
473488898
336271025
861131588
007660862
111404413
029908744
649891661
868188591

Case #11
35160
62491
40344
57135
49625

Case #12
48
41

Case #13
838519
629483
658713
691193
689185
071831

Case #14
8541
4058
6209
5860

Case #15
97
61

Case #16
789
794
147

Case #17
25583
59916
44180
46020
19640

Case #18
9390946
8250837
6931132
8611692
7486760
6234953
1611715

Case #19
227076419
237460300
087655012
593892573
525708415
723804237
915759672
027518816
699133842

Case #20
888045206
799539619
199871194
160656617
608965354
786532339
008935296
825574477
581533079

Case #21
5224177
0872168
7900061
1660293
0489312
0571355
5871316

Case #22
060
657
640

Case #23
3638363
9979288
9130447
9401483
3550220
8513318
6819241

Case #24
343301477
271262374
868871026
527656690
555070724
404863384
381856272
148873373
157117180

Case #25
6939061
1083470
3752863
5854370
6050705
7628202
4527141

Case #26
2938
0456
6768
1644

Case #27
6425836
7984071
6954522
6077870
5375362
6337041
0829904

Case #28
36
25

Case #29
31408
49641
28848
93385
56979

Case #30
919747
449930
319570
122069
684764
170706

Case #31
891361
471257
492477
714805
072698
965068

Case #32
830197
082777
429304
074894
127515
887954

Case #33
39
93

Case #34
21
79

Case #35
76680
91682
53914
28387
65506

Case #36
10219936
00735315
72872980
06509922
71824590
13894382
25632437
92307453

Case #37
9597
8040
0787
6936

Case #38
690813
310953
912171
971360
801612
282537

Case #39
358109555
301062592
917950102
883798994
959784650
737912615
149519936
845827326
879131203

Case #40
7638
4241
0781
9948

Case #41
40
75

Case #42
3369
4470
5179
2277

Case #43
7037755
7601490
0224501
7967444
4212000
2553212
9507996

Case #44
358
309
159

Case #45
96
78

Case #46
83056214
62503155
92617238
01110960
44164603
24367527
39277026
04819770

Case #47
46
97

Case #48
084233
307117
791133
905400
831273
821041

Case #49
11
32

Case #50
54
15

Case #51
429810
589257
398591
218596
236934
463359

Case #52
65720523
78482814
20473562
94876362
99672117
99969771
66301494
74059930

Case #53
639
966
467

Case #54
6441
1501
7773
4624

Case #55
18477520
57692180
13249475
99209733
69977212
16101028
10472598
59554772

Case #56
0018
5721
1179
2700

Case #57
957
730
853

Case #58
26999593
92141412
44125408
38774149
04012606
76411059
34210337
18035162

Case #59
24888
14344
49069
85417
78292

Case #60
8644
5899
9752
1949

Case #61
08517
58797
08592
68114
05258

Case #62
42875892
78746198
01235375
09001570
84456095
15871290
73903861
46601615

Case #63
339148
695058
762570
415613
401333
293424

Case #64
393
315
309

Case #65
43089974
82735095
36985915
14964058
03859597
61124912
68255864
28239199

Case #66
6947512
1505129
2564797
7074087
1880107
9077557
6532759

Case #67
788
573
054

Case #68
85843525
54137315
17511760
57519233
67721985
77073249
86366408
32866618

Case #69
72
89

Case #70
72
21

Case #71
204740
577591
827058
287253
636682
963024

Case #72
05
52

Case #73
590068
796142
575291
602790
433565
012652

Case #74
27263137
02789441
94779317
20392671
73122482
39826675
93019320
06559073

Case #75
24426
37503
04595
14657
97130

Case #76
979995
226481
933901
637245
518758
541050

Case #77
43
41

Case #78
974110
025024
924391
266512
096794
262020

Case #79
369536
085023
224715
442611
438787
647909

Case #80
38
97

Case #81
16740
40045
19586
16215
72866

Case #82
554549
828137
381250
166373
417376
551163

Case #83
68090
61686
02420
79021
98693

Case #84
7482441
2877210
3406363
9627683
2447692
3790964
9752851

Case #85
811754270
902191359
340840379
957182271
509260150
072972518
430575371
675964823
688488480

Case #86
41049
50160
30820
11215
92901

Case #87
454
776
763

Case #88
67575186
69844451
80453932
40801418
35242365
20051866
98904008
25190728

Case #89
9195
8131
9840
0715

Case #90
054323
829471
096318
903904
217847
250363

Case #91
8218762
7284817
8776648
3390799
8451469
4891296
0411181

Case #92
00669375
71187446
44775558
27639341
51838238
87419509
77970818
20144476

Case #93
6680314
3211874
7203399
9939541
6158102
0865164
1107513

Case #94
777546
324577
809034
168963
937108
675927

Case #95
73546
25304
33273
90069
41333

Case #96
640235764
840025565
051512901
569690453
392648860
163131111
684752476
359038359
255879620

Case #97
15631
45914
90448
61182
99761

Case #98
791144264
011889393
755255895
896778568
209602715
797802495
836583816
577058384
902549062

Case #99
442186
917844
919198
084791
246676
136270

Case #100
9936
8020
9963
0469

Case #101
874
958
420

Case #102
070421
204115
510576
867580
951604
095482

Case #103
2727318
2078474
6784630
3917487
4837529
3456712
7332751

Case #104
508821
105100
257057
759051
271612
762146

Case #105
040142
174471
187130
247662
340573
930043

Case #106
42252
51337
94549
93780
81535

Case #107
35779518
04568239
56401562
86992065
31625590
71548810
80324904
99249787

Case #108
0233265
5625536
4542706
5599350
6019128
8029395
6610226

Case #109
552397
703540
572781
152629
400213
744271

Case #110
84
35

Case #111
49508114
12292261
14020184
25011346
45353392
46337327
99971871
10222891

Case #112
39
35

Case #113
66048
33871
85632
17468
06854

Case #114
551
538
289

Case #115
11
20

Case #116
329
174
837

Case #117
22603909
23888759
01555150
98206800
03109520
12312162
93032970
39211961

Case #118
57847040
88342583
36184979
19597739
81149902
31691629
86536964
28775584

Case #119
852968086
959516890
747109256
682090096
136053483
461996545
289604112
825803467
320261572

Case #120
962238668
158627426
660758552
650533513
775415204
083862559
382224945
931696175
676765365

Case #121
2296633
4149564
1775615
7868579
9666111
9612893
3144208

Case #122
938963
789113
696481
901525
503246
127978

Case #123
4656
5528
1212
0313

Case #124
80073
91054
09015
89696
75792

Case #125
752
683
893

Case #126
844
960
210

Case #127
07798976
80827509
41983203
38970185
22080832
71462719
43318509
84029163

Case #128
665193
093962
465088
479083
539245
028611

Case #129
187966
200643
790398
315549
070343
229797

Case #130
982470679
982110421
563399371
166618111
780252174
001607644
657257335
260971765
605568980

Case #131
90
46

Case #132
544
716
923

Case #133
910524008
293862210
678612968
458185686
162869330
186588383
938617328
884483091
221764739

Case #134
513778
290268
170623
680908
989164
874631

Case #135
8436
3504
1998
1530

Case #136
0257583
7600216
3395389
0893891
2126998
5973752
9070302

Case #137
753020224
742034233
802011641
769996123
059173729
565024731
696267877
771374058
036405034

Case #138
69124
39279
06639
45289
64076

Case #139
86
61

Case #140
19610052
71922547
71025995
66183683
14038268
90302083
00406333
58341255

Case #141
5134228
7514492
1211971
1079761
8672705
9912535
2577646

Case #142
6100
6810
6792
3143

Case #143
631242973
902700447
602796158
278039512
779512706
528133845
733478846
915468565
980928036

Case #144
76
43

Case #145
2178847
0537106
9201070
9919166
5216196
1884191
2197286

Case #146
961
014
470

Case #147
96880786
27943337
09246451
55005980
78172649
23587111
15059212
65228729

Case #148
912
193
579

Case #149
858206158
022293287
526760914
561996569
895225266
446076785
371481458
920621492
303529189

Case #150
3825
6253
5946
5781

Case #151
7142942
2142213
3744718
7501780
0530665
9397810
4687168

Case #152
382548597
141806024
273359577
896608174
132525501
436614976
977036201
568677339
287989934

Case #153
85
56

Case #154
8533
2642
4877
6137

Case #155
7577365
5115050
4965977
0123066
3334886
0124833
7189713

Case #156
82966
01508
87928
16337
46398

Case #157
78987
13691
37588
22505
13665

Case #158
3263758
3073861
9631365
5088252
7749493
9852316
6504773

Case #159
68
72

Case #160
50
32

Case #161
04977
17114
42387
14817
18321

Case #162
45
66

Case #163
141518723
682114645
635877393
279035484
409441444
492371906
220194865
831722197
594082653

Case #164
07595114
20282506
16669407
99170329
23069461
04157317
96471313
65915178

Case #165
78869
34898
52080
44210
81174

Case #166
113106827
668265292
264231855
895460197
144153952
518134978
915287065
384996569
296015519

Case #167
70573649
58234306
34011792
33915688
50047885
59988355
39320620
15671805

Case #168
11
76

Case #169
9827
8706
7596
7628

Case #170
7624652
1021524
3554654
3266655
4129330
0432948
4626739

Case #171
04696610
88854734
49069522
04442669
69910469
75070333
83364401
04078033

Case #172
3107
5102
4782
3912

Case #173
22
87

Case #174
500562
135005
284588
131919
829946
362194

Case #175
5649
0790
1417
4776

Case #176
384029384
496312685
467788423
378376051
677641694
448660671
229809381
620880686
100222928

Case #177
1834
1507
8780
3629

Case #178
9523
9418
1924
0355

Case #179
92199
51938
00929
75261
17565

Case #180
5676
9681
5396
9891

Case #181
86
17

Case #182
335
721
239

Case #183
253
956
104

Case #184
297
472
646

Case #185
52113
58166
85323
63071
85332

Case #186
5866891
1146143
0063145
3088409
9691361
1517069
5954719

Case #187
4351240
6138761
4007484
8290274
2920465
0037769
8493222

Case #188
875308881
970403425
448503062
553756328
229991511
308110491
228158173
424366266
795310992

Case #189
239870926
317539722
364450388
441526277
601079095
852303517
934232185
593910294
525763469

Case #190
2091
3819
3854
0543

Case #191
675
972
016

Case #192
6606
5435
7822
3878

Case #193
5686757
3809518
6318340
3913383
6815544
8686944
4697389

Case #194
5934
1718
3961
4487

Case #195
17
70

Case #196
019
462
978

Case #197
2890237
0967890
2397342
0955035
1980732
8328637
4278660

Case #198
0506094
9590399
6376851
4614793
7774706
0796494
8543876

Case #199
47899
72004
14884
04231
42086

Case #200
33
50

Case #201
2378
6067
7490
0312

Case #202
111732
052669
128347
104463
160412
570779

Case #203
7593
9368
0012
5101

Case #204
3028878
7848160
8529304
7880406
2546108
4979088
3863520

Case #205
770233
973423
512547
850226
941945
785395

Case #206
0191482
4258669
3604352
3119857
7314015
0548001
0072529

Case #207
650409701
393268048
910269321
451973942
222606646
680198614
618633873
479561103
992091589

Case #208
74
23

Case #209
95
86

Case #210
42938
51686
01961
38309
62020

Case #211
28848391
49873793
83338454
70909996
16643757
46274357
41850616
27779187

Case #212
1243526
9245080
1880360
9465278
7756832
4917588
5811388

Case #213
5435625
9122730
5706982
9269537
0569030
2954747
0576297

Case #214
28444
01972
31069
16168
33155

Case #215
502
040
246

Case #216
204
650
469

Case #217
900143
178683
230634
601366
121123
153442

Case #218
1536
0279
9670
5845

Case #219
47181
21671
33820
80639
69789

Case #220
1689
6192
2955
3227

Case #221
2105469
4124082
6301129
8619040
4563147
2755016
5472946

Case #222
76973
44274
21166
49125
90655

Case #223
127
903
043

Case #224
316
923
693

Case #225
34037
50959
41817
99875
80775

Case #226
20
13

Case #227
8887
0054
7216
2879

Case #228
667653
245129
795105
141782
633311
682433

Case #229
743124
937356
772869
294756
289600
343492

Case #230
87395227
96494477
57289273
07866007
45232638
93271773
40885218
93226164

Case #231
21113
70343
75760
08718
07882

Case #232
0772367
1538766
7701685
6690408
3206928
9264312
3640123

Case #233
33294836
81668894
91799305
55399322
25772229
85957585
44385328
08885215

Case #234
05419
45080
41897
05231
17724

Case #235
06858
14318
50422
81766
40177

Case #236
9506
0911
5730
0556

Case #237
267193363
034311225
328957507
944053793
566326899
895600755
198376035
477305831
089341351

Case #238
325802384
742929398
946404696
478825165
721916913
393647661
006788777
150923495
218771424

Case #239
464
085
545

Case #240
134720255
166437388
697783135
510260410
169305401
398717748
170504697
126583324
007688134

Case #241
295909827
778937826
333873693
148596961
187314749
187257334
548774338
896310203
305060621

Case #242
17
85

Case #243
936191
793385
299472
287532
538144
515499

Case #244
8211084
8322092
2431580
5387869
7008126
9783665
8067527

Case #245
5111939
6788763
9200207
8672196
4221709
3575465
3983187

Case #246
8804
5646
0630
3314

Case #247
1544276
8437781
5120543
1010948
0713101
7704988
1702202

Case #248
0616
6393
9585
0661

Case #249
4715838
4653014
3767450
8721208
9925374
4304687
5962597

Case #250
67
77

Case #251
385077
039214
602059
357350
949265
338332

Case #252
54921
59575
00503
87389
03875

Case #253
75350
01443
00677
50063
43300

Case #254
12324101
68009643
87121479
43360086
35194025
89156127
78901393
45248371

Case #255
25
36

Case #256
596092220
316561371
941139302
295710531
652055082
013061895
208125370
209178996
298530591

Case #257
55
19

Case #258
2040912
6628154
3394096
6565853
7682534
5448466
6800357

Case #259
2771
8079
4032
0250

Case #260
74
85

Case #261
100264908
416818050
463784673
422707461
283049171
023829392
910673736
321105242
853164457

Case #262
935
984
425

Case #263
83130
16867
99502
45898
70264

Case #264
28
85

Case #265
78
11

Case #266
23805159
67567069
49650004
21395101
67468469
01727956
27162004
13799130

Case #267
9809
7183
2177
4866

Case #268
205
552
169

Case #269
33
62

Case #270
30
03

Case #271
14279217
17554784
70736325
57035969
91298107
17538757
67189890
62167779

Case #272
48050
21809
22517
86310
75663

Case #273
17186
15807
37838
47741
40060

Case #274
4239657
2046147
9998493
1372553
5175935
6959218
5996069

Case #275
1759
3536
2166
0501

Case #276
36
41

Case #277
8181398
6467052
1429143
7294343
4481793
3711899
4244128

Case #278
74736750
77146406
09393248
59377377
30321033
12902198
20846101
49387658

Case #279
88819361
37270191
82101729
30925124
47530194
63848876
04862219
65935801

Case #280
20350243
00344221
44092839
85431784
14371323
10399438
35214975
67770448

Case #281
06074
10547
56430
97964
85513

Case #282
91642
55718
03972
64276
67346

Case #283
60
64

Case #284
0147287
7982205
4934322
0441962
9909597
3302159
1154468

Case #285
39
77

Case #286
50735
66799
03429
56063
69301

Case #287
06
18

Case #288
633484245
254636823
208915194
092046002
057933861
921976059
315899935
866378198
848668104

Case #289
787
755
922

Case #290
730456
246008
443689
424651
498011
055783

Case #291
4316
9477
7934
6668

Case #292
9871001
6070274
4632833
8329625
4873427
4630645
1820720

Case #293
0750
0966
1923
3399

Case #294
718091449
137049533
561211019
745599423
894687311
739185034
472943030
002177983
874518843

Case #295
23838
74559
74703
49515
47488

Case #296
209996
244185
306127
188580
386924
034436

Case #297
82906353
05103889
21828945
46940514
39924129
64999580
17765891
49360206

Case #298
70119
29895
23555
22474
47092

Case #299
57680167
84669205
65794022
81270837
77783168
16559218
85188224
85066125

Case #300
56
34

Case #301
2102
2285
8038
0287

Case #302
13287184
09993696
94991108
33234469
04789717
95947508
84142002
69388956

Case #303
46
86

Case #304
64
04

Case #305
03
59

Case #306
17748
69156
94821
77440
37371

Case #307
3406201
1094514
0294433
0548117
8547090
1776059
4857369

Case #308
61
43

Case #309
239
839
783

Case #310
930790
420027
031929
698888
448831
066600

Case #311
24661413
52695077
41957622
04502343
63940858
97409915
43910321
61137241

Case #312
7462750
2383800
4732348
8315558
4251845
5295746
2241484

Case #313
796052088
190721321
542409161
939564928
503776880
074448368
301163932
927214813
576647774

Case #314
1831
7461
1555
3532

Case #315
87
44

Case #316
1504
0331
8667
5586

Case #317
0786482
7025683
0384943
4927075
7737182
3827270
8218612

Case #318
79
18

Case #319
84624
60938
26615
22469
86143

Case #320
043022134
161453053
975804095
136497479
163145972
875792097
326830173
665057872
552229339

Case #321
842293477
637877857
909934236
449602914
921508330
981001433
809823635
054665420
848757638

Case #322
801766950
680412043
340206009
050196456
350898765
986043084
916629122
265188507
145707758

Case #323
74588
62212
12370
51839
40723

Case #324
4011692
4842072
3717085
3670768
1647335
9669989
3841772

Case #325
09785
97416
49983
09526
11646

Case #326
8066610
9298745
5215354
9016339
7068198
9488392
9619832

Case #327
67619
60441
17026
14898
49138

Case #328
4545
1673
5696
5992

Case #329
00209565
04121558
87204304
92161380
94996694
09853580
00895882
81321393

Case #330
256
337
961

Case #331
32
81

Case #332
99117
35545
84042
55717
29555

Case #333
57929
00626
48675
12111
04181

Case #334
059031
560829
129543
605990
209848
915959

Case #335
9845
3112
6549
9487

Case #336
037524
614862
474896
091760
998917
186850

Case #337
7074347
1966883
5118382
9372790
8418149
2572450
4880255

Case #338
20648
68159
41693
32409
10784

Case #339
03293
69208
42089
31212
13417

Case #340
24375843
73366720
24940271
71336646
31026563
91150790
45718703
54026135

Case #341
1680
9735
0434
2118

Case #342
15009244
70670826
53179321
02812755
09380397
26396451
72631577
66732638

Case #343
293
012
102

Case #344
24476
08222
98892
61191
48800

Case #345
83690576
30420007
42976223
13936993
97386648
05621314
45080516
57290610

Case #346
52
80

Case #347
7431
1396
0712
4242

Case #348
414144274
626778874
307342651
880571088
041467772
515980337
629670220
769185266
148878346

Case #349
50
00

Case #350
2274959
8691226
2435800
9289407
6665285
6712449
2436671

Case #351
053701
633108
785017
201370
933282
450484

Case #352
20239815
79578417
00643032
92146757
70361756
59728200
66343853
19229854

Case #353
477
612
980

Case #354
3695291
5436358
1264788
5256834
4537118
3100690
6879710

Case #355
50992
36417
35140
31551
45860

Case #356
65129759
10986413
66655996
13532856
99992116
83196154
36602233
46706324

Case #357
68
15

Case #358
68198991
51627335
35270469
21514008
41819415
81831226
28252825
88237216

Case #359
74208260
35962897
07542626
06465151
65042498
25995734
79933048
74633579

Case #360
840296826
016249350
876725031
751229921
588207001
601283142
816257758
563350118
168647714

Case #361
22
91

Case #362
80367
88261
14575
06713
22818

Case #363
609656775
538130847
770380743
202812683
294466644
332188318
754781939
508450136
124074502

Case #364
0617240
4220736
2357870
9227514
2692842
1959447
9382136

Case #365
9355462
8066180
3864601
0676684
9696094
7931024
6085237

Case #366
3640
2816
1047
5167

Case #367
8579
2803
5936
2922

Case #368
55
55

Case #369
4534351
7765020
7816440
7075644
0649390
7133704
2487415

Case #370
0916944
1748676
6600116
6697925
2622407
3150561
3029927

Case #371
37953459
94900063
99808588
64631738
60090280
38302920
36421279
01048125

Case #372
4256466
5263705
4327950
5595621
6104711
9915023
7670248

Case #373
4250
7058
3492
4188

Case #374
37521212
03987710
74946455
21274249
33079593
27498172
07606793
66000932

Case #375
08682029
56544909
50372750
84594633
85445898
64428123
25542750
20465178

Case #376
812771
317442
243392
095340
916519
424377

Case #377
687536448
937880904
804989912
699228900
037119767
942920488
383926742
096184412
817444155

Case #378
333
749
817

Case #379
19464232
06172449
75998515
11940419
58766553
93513925
62819586
29553977

Case #380
592
039
694

Case #381
950
932
155

Case #382
681402
236193
927799
587832
010153
221863

Case #383
810626
051855
502938
388962
941289
150394

Case #384
94744
30212
17969
28196
90962

Case #385
502
943
885

Case #386
0525717
1385686
7454852
0730272
5366102
6077586
6033283

Case #387
393
900
093

Case #388
9219813
5008129
1366558
2863413
0861642
9151724
9677775

Case #389
27327063
78965822
00928814
31963301
51225600
10838307
14856769
19130210

Case #390
36418
55105
53154
86594
65950

Case #391
156854491
471406495
504910187
040049792
639609852
167122158
053420474
331892529
606783769

Case #392
7131489
3857625
4670418
5950731
8903916
0532218
2001053

Case #393
399
756
524

Case #394
13681
55668
89047
44986
74138

Case #395
0969290
6316849
5163981
6159740
6978654
1550175
8402166

Case #396
86672230
04787595
02009398
04229121
51896793
37744463
67921331
99463868

Case #397
83354236
72980290
19885582
37799710
20928701
27258349
02040814
67708506

Case #398
361193
162538
091825
798464
140915
304640

Case #399
96333
14174
70721
63050
28256

Case #400
8129
7416
3879
2278

Case #401
41346080
80991228
19282357
16117056
73187204
28227125
44417436
14624616

Case #402
525567489
221800045
372316535
304235645
592266785
534266917
287243595
247493172
769511991

Case #403
03
96

Case #404
6178819
4929668
5886984
6609384
3607778
8518692
0447201

Case #405
03918132
88924944
57944927
01691164
60552712
34825009
55186539
78912271

Case #406
50
26

Case #407
614619
393566
233646
576619
023152
016613

Case #408
063
291
915

Case #409
11
13

Case #410
91347909
43536872
10802967
88426064
01856153
90740115
33668643
79740369

Case #411
9849025
3656230
6721240
0233862
2868161
8517583
6739062

Case #412
738024
135934
463578
104520
011586
964375

Case #413
83
20

Case #414
0493
4979
6406
7355

Case #415
349
528
446

Case #416
41
16

Case #417
7980015
3120930
0551535
4634263
2873579
3656174
6372509

Case #418
179
288
646

Case #419
2784
8791
6041
8127

Case #420
405223056
596639406
988122500
931241119
494504061
706671075
544414493
978729288
427709070

Case #421
3967
9465
9132
7550

Case #422
88
88

Case #423
180298
912203
100652
220568
064826
703273

Case #424
8799
0577
3527
6591

Case #425
895
126
339

Case #426
46
18

Case #427
29669873
82412914
13398287
83854807
67168768
49562268
87618865
40785052

Case #428
662
701
816

Case #429
37
08

Case #430
61514
44872
25961
78893
74022

Case #431
8539
2157
0841
5301

Case #432
827368818
753759844
974478874
506811570
852104270
329618622
534047426
598414631
601832654

Case #433
69622292
28068045
85410419
53224847
34673421
54844522
66574798
86679418

Case #434
7212
6200
5756
2704

Case #435
8310364
6796154
3775105
9160111
7595128
4495607
3985486

Case #436
79869410
97227530
95897465
64764402
15188408
54922389
02054535
86919668

Case #437
80707
16069
28952
42197
77829

Case #438
89
40

Case #439
5516653
3566691
4523281
8138890
1142357
6273507
8341023

Case #440
3229549
4019713
3378497
7307201
5218867
1595462
4337478

Case #441
2791381
7480573
6808353
6289470
7190068
1067769
7657869

Case #442
546386
262449
998547
715925
845509
941380

Case #443
1480
8119
5767
7207

Case #444
947
417
449

Case #445
990188812
077964372
967085682
844480266
793325442
729398328
151635408
747388501
522263689

Case #446
04049052
44075983
53094968
16816474
41722058
47079655
02222748
61191471

Case #447
007
720
446

Case #448
27
00

Case #449
08750
30239
62248
56451
35096

Case #450
155000
640223
302610
920043
052238
263344

Case #451
199
022
625

Case #452
991582869
492037984
969271270
926448044
949271566
166103140
167705996
356363844
340691314

Case #453
966
344
657

Case #454
1551
5219
6373
3827

Case #455
4215283
6438043
4843632
0766857
4355781
5135701
1348040

Case #456
50292665
75310354
54285330
68524073
84420490
46927181
37288062
13335153

Case #457
15904267
13922732
62832987
14355814
15648377
46787660
96608655
44212998

Case #458
06943
92284
82339
78010
28770

Case #459
99552243
07217041
57122345
92120269
99787264
24681622
55863154
62476661

Case #460
176299028
005666912
039956255
356436933
369458236
704210608
738244393
331568100
450056416

Case #461
654057361
210283535
515232406
423533777
991885741
319057273
178022130
532398078
059873925

Case #462
412
642
374

Case #463
12
58

Case #464
51799050
72024470
55474207
26360247
78186351
74790122
57021069
09923792

Case #465
287
546
154

Case #466
14
85

Case #467
75
31

Case #468
37
57

Case #469
02202
35302
06899
05308
11079

Case #470
202
842
669

Case #471
34908645
43264292
74335515
45802097
02919729
70585350
23281299
10205090

Case #472
127
177
362

Case #473
97184
90774
02806
15326
98754

Case #474
8687624
0957995
0040737
7774007
5671643
1030767
0384176

Case #475
89275414
73358470
11587707
00944285
02993114
32391510
64847007
67518428

Case #476
216
037
167

Case #477
6258
0084
9872
1851

Case #478
33299511
47925545
98182713
84714388
89570468
98016437
71496120
66524334

Case #479
303
877
841

Case #480
359
108
772

Case #481
615555560
892153401
827866443
811268011
655807938
094770934
880434365
904573735
632855808

Case #482
85061489
50919813
61006491
22432254
24571276
43659639
21691061
89943380

Case #483
24796
51769
21235
28543
23704

Case #484
496627
493742
692661
113304
773488
865013

Case #485
743
857
179

Case #486
5429555
7708734
0915210
0572182
4552916
8852025
4824136

Case #487
89909
37818
89606
07907
40058

Case #488
3595
3350
6145
3844

Case #489
94
84

Case #490
3292969
6599886
4374162
2681289
5067768
5121441
6550346

Case #491
5048216
7522605
3262906
2736419
9391248
2443532
8945707

Case #492
4618002
0489526
1033799
0459240
8928305
4808661
0142377

Case #493
15172658
64692560
97687272
84823384
12888594
98611566
38770320
50709428

Case #494
0763692
3104017
4482952
2031779
3976859
1231019
9907363

Case #495
7366
9432
1548
4923

Case #496
40
50

Case #497
3629
1279
9551
5814

Case #498
6419452
5371797
2105737
0220277
4261366
0419860
9495915

Case #499
725557
705010
192849
850141
913399
806913

Case #500
861748
446391
585374
558459
385006
636482

Case #501
7787504
6833321
4460974
7410425
7637428
8008393
7783538

Case #502
65210146
17459473
78596293
07911401
24362726
95477149
84777441
18776720

Case #503
6275748
1365409
5530091
6664572
9996331
7796092
2695051

Case #504
647
569
453

Case #505
9967
4187
0776
1768

Case #506
8579083
1816400
3925316
7728655
9867627
0782719
0394347

Case #507
690172
928389
832239
494018
869863
523903

Case #508
3334413
1246767
9869368
2665668
2750798
1535502
1569092

Case #509
91
53

Case #510
4338864
2150835
0202601
5477980
9173018
7798516
6245785

Case #511
31200624
99247751
86756933
32201026
58084775
44298706
41951535
75006805

Case #512
2019
6231
9301
2280

Case #513
88813
83231
24232
89611
24565

Case #514
6093
9591
4420
0208

Case #515
236690
436527
640763
545969
776736
857755

Case #516
385382112
386553961
303131452
071117939
996201491
325732819
030730562
580683774
133530439

Case #517
567046312
578975907
078032908
080062227
469274223
916177099
632461929
449903127
391441921

Case #518
318707
143200
167949
887002
701252
142556

Case #519
5396291
5361790
0509168
3374478
0214214
0673029
5070796

Case #520
39377
05693
71792
12860
01672

Case #521
104501
427722
608134
424051
582150
385880

Case #522
756
842
863

Case #523
1550313
5445513
7054892
5336060
3161312
2565945
5726006

Case #524
008897
413667
588981
431367
533215
933558

Case #525
631990833
842913549
783862206
871861667
068436949
079549755
412144515
821393314
109135699

Case #526
537
484
094

Case #527
38690183
07095848
63057821
82759482
94037532
60707114
51749887
93748183

Case #528
52412936
87679177
38704440
16257129
97070109
90876443
47667406
28441914

Case #529
90777688
79809388
04944201
61382261
45315304
03124366
41528882
28852515

Case #530
47605543
10052389
09796831
49001174
79259110
14061722
08197338
41142740

Case #531
47
61

Case #532
653733
232015
054891
240812
446229
020318

Case #533
53052797
69962261
72297773
55086195
91926135
92710836
11102003
36364653

Case #534
64728
12395
93531
19669
61868

Case #535
89917
35471
20878
08935
75811

Case #536
1997634
6175750
1083166
3040949
1680012
6052899
2218359

Case #537
802410
242393
238327
321645
178397
579399

Case #538
323411325
909565675
147208128
124099493
809124044
137263128
578319170
132258807
665221615

Case #539
06
64

Case #540
788819
706664
553085
497057
989212
724075

Case #541
70
12

Case #542
86
83

Case #543
5219
1966
3512
6194

Case #544
1006085
2389967
7599684
0876400
6541957
4613813
9768353

Case #545
8713886
7105874
5190158
0587424
5170852
3512268
2866764

Case #546
34
17

Case #547
613599050
176021752
521981122
357377047
555258614
801083775
636308287
755533468
143872429

Case #548
8085
6114
9375
9784

Case #549
14601695
69922378
47759420
48343612
11127609
34371961
51271854
74106935

Case #550
37798648
99157777
42918440
90034664
43178591
14285291
63106386
11694980

Case #551
255526255
261301285
442803473
012553125
622659105
847048608
082869425
686442232
843275888

Case #552
6405062
3639089
8988151
3000838
1409199
3220809
4494725

Case #553
23
02

Case #554
90
67

Case #555
54000368
86297301
11177754
55599947
61752244
77544086
25405164
70742858

Case #556
06
59

Case #557
9795
2143
7276
7122

Case #558
33
88

Case #559
61399919
56006908
65883147
01762014
06799055
36060858
88692986
90080581

Case #560
4097
5066
9770
4579

Case #561
2558
2543
0775
3768

Case #562
41653298
15452540
18828693
31101140
81672778
33018036
95866948
22311295

Case #563
42700885
07793127
98561471
82439138
23699482
99982944
28932580
13877212

Case #564
2871
6591
3539
2888

Case #565
38967376
73726270
95819962
60822140
33264484
49875601
16096934
54267125

Case #566
6316
3372
8735
4987

Case #567
865004
189384
418034
608275
527466
517097

Case #568
6435
9931
1113
3823

Case #569
5847534
4558940
8222039
3547985
1190189
6702262
2154775

Case #570
2635
4591
9404
5424

Case #571
038741531
799078524
008467439
593600500
488402739
023975553
149872362
863891014
130486635

Case #572
08006630
96294131
97202404
64575729
37429566
93283723
07429388
84353133

Case #573
165798734
369031682
152166877
578668507
507427640
173594891
298460923
681707700
355376911

Case #574
54306502
85159588
08520723
82010678
04701380
49092194
46828418
70182446

Case #575
76
19

Case #576
947485117
937119663
074867798
686327120
504649894
065363012
367039586
500357183
275888150

Case #577
010
105
224

Case #578
549723
540882
309242
576892
314431
808279

Case #579
51
47

Case #580
9409560
2102141
8018166
8946934
5738684
8404435
5203546

Case #581
06
82

Case #582
0033
8967
9654
3314

Case #583
168
883
423

Case #584
327323120
972108888
257045572
654370230
193511781
517418723
687775747
183128918
241303212

Case #585
92
47

Case #586
59360753
22255389
20872638
19559942
56062350
67063980
25980427
69523128

Case #587
427230
744602
546576
799412
404553
521550

Case #588
750744
818432
819403
921714
436896
366563

Case #589
3069
5058
9394
6322

Case #590
890643890
125287861
883265665
029621642
733682261
705436081
956629908
577578329
776075968

Case #591
09864
21101
30202
80826
37365

Case #592
2218832
0029277
2564140
2734058
3181383
5375513
4078746

Case #593
28472
50843
18340
77547
79997

Case #594
25339891
06999652
52961772
55315444
98223156
43849543
72378704
09804937

Case #595
537
324
672

Case #596
960596
901903
547966
250007
494094
771345

Case #597
526782696
281288124
159879484
592031398
269121499
873500941
688648670
589322878
881968647

Case #598
739257
279117
528806
289942
040900
376647

Case #599
6229689
4727430
5442410
8619042
2862450
6709584
5081553

Case #600
08
66

Case #601
02471
02658
71465
17484
50025

Case #602
8767
0608
4430
5060

Case #603
353810887
405071246
391572092
798947245
434348748
660809941
499041196
935906600
622661815

Case #604
928057
820954
198598
085432
257387
927799

Case #605
064
836
355

Case #606
66917559
10608422
73833155
55681735
87067408
12403790
12634056
32557230

Case #607
74
19

Case #608
33649290
34598898
33169643
18906443
55152037
89979205
62621076
10666869

Case #609
789698956
777616924
365740058
033384705
878370886
127458480
890029448
953747817
067351369

Case #610
4335
0574
2150
8830

Case #611
47
13

Case #612
839891
834069
794793
134067
791955
757059

Case #613
502
765
027

Case #614
6116
6890
2218
2056

Case #615
84320
32236
99377
34086
22721

Case #616
1364
8226
9715
6107

Case #617
718599
789962
391548
611634
402688
021501

Case #618
649666302
399839727
518379165
319799087
022898167
151920198
933128459
763460390
102203010

Case #619
11718265
60105697
97187988
23752216
90089201
47130457
11959256
86283147

Case #620
8175798
0653625
4274087
8354869
8696723
1621368
4411210

Case #621
1059
7289
1467
5132

Case #622
718008
749284
646465
181764
118679
549939

Case #623
038859881
676310358
538823601
268012955
820862941
176980266
050930974
810201599
497849274

Case #624
8941558
2399085
9383426
1128592
5792043
8424701
5746915

Case #625
653909
415921
372859
005061
101760
131937

Case #626
12356
58823
64771
05365
26319

Case #627
19
14

Case #628
142337
147684
268923
201759
780090
792659

Case #629
41487530
20866032
58989519
76762644
55861671
07775014
23787157
76098793

Case #630
64927
63531
17685
80004
49102

Case #631
801
077
166

Case #632
04837462
87282399
69417942
09751027
16585842
71691654
92365857
86816550

Case #633
2573
2879
0150
8464

Case #634
571346949
000566411
765621288
654298455
056441659
948551901
086907208
002788454
715610727

Case #635
31
01

Case #636
416710
484432
922262
417001
546011
668949

Case #637
26
96

Case #638
8088014
5581461
5348364
9786737
3300059
8701916
9651204

Case #639
222
656
773

Case #640
47583953
89335870
48029621
49614785
03251693
39702546
93363174
54179620

Case #641
545243054
034567753
669186436
067457998
959225698
986730801
728720877
409932490
862347680

Case #642
766
882
603

Case #643
94
22

Case #644
5043811
8541984
2129831
2382784
6583707
4892986
3335089

Case #645
5275953
6527991
6471179
4826979
5546373
2541125
6705499

Case #646
217
563
480

Case #647
10
44

Case #648
32
29

Case #649
807951411
222221943
042861689
937116453
639580787
191390791
544363892
307624281
437469872

Case #650
605866713
101199014
323114380
088714696
173382683
741960801
642954096
293547668
622169649

Case #651
262717
745096
100093
851114
507916
436345

Case #652
45333
97014
81126
14708
15290

Case #653
0279
3838
9708
6798

Case #654
19911
38541
90483
01384
88297

Case #655
664
116
438

Case #656
79255773
43677918
59788553
92267849
78899808
74644251
19894337
68491043

Case #657
81773
76468
47917
10706
40443

Case #658
85184
43111
73251
81712
25339

Case #659
6710818
7719746
8057525
0549431
1953781
6075218
9951033

Case #660
50006
44631
12909
05762
48436

Case #661
33001943
34548907
03901166
03076951
73569934
27204052
26346000
53718368

Case #662
825135
197144
257773
135925
775179
400524

Case #663
6541
2987
3661
8930

Case #664
687
410
520

Case #665
027009
655438
938477
746493
823602
602749

Case #666
340032872
862827646
086141289
844467817
657777066
962207783
839439799
834764014
478853805

Case #667
7676410
8217827
9593495
0325028
0728090
5705360
8512853

Case #668
776113
294709
516801
830869
996946
712890

Case #669
85
59

Case #670
10
42

Case #671
221092116
412188509
046739155
514420364
598005613
182362031
502191153
424050094
852565888

Case #672
862480358
794835724
743345060
158260265
007579893
654354101
281593762
752439764
974306270

Case #673
920176
250381
519220
509361
709004
471075

Case #674
08582342
17786451
43648522
40535263
03210369
65489150
48986233
76711329

Case #675
27868
73782
31469
12252
05614

Case #676
044
017
284

Case #677
677433
531819
225239
217782
171414
061959

Case #678
8152799
4277239
7511777
2364353
9193407
0806184
4276160

Case #679
629033
207181
933549
828368
048178
780924

Case #680
179540923
572648018
305046674
494451666
086242304
811448292
236394974
717753746
531323934

Case #681
58
89

Case #682
16182
51414
38602
27583
47918

Case #683
935085220
955399022
974019721
493923328
252739834
734760712
758929891
818951995
126555608

Case #684
23141
01003
32838
43223
37001

Case #685
0847
1777
0530
1643

Case #686
314188746
774323987
876589634
442417804
156236473
025425714
040120498
361097675
899305875

Case #687
7097
8431
5673
2838

Case #688
60
86

Case #689
060188512
801873396
298303708
778259349
494486008
360598653
740093328
323156017
616023312

Case #690
26810
89462
63252
84520
85714

Case #691
42
20

Case #692
0249
4717
7840
5101

Case #693
724513
283422
068528
656830
987593
799088

Case #694
783
855
006

Case #695
600
182
359

Case #696
015356
223685
108051
764844
555741
020060

Case #697
02470674
76380441
39691799
96112683
45234063
05858872
84143751
90135734

Case #698
577
588
519

Case #699
4862824
7617130
4804795
1722233
4642701
0157559
4844866

Case #700
111
581
844

Case #701
863595
497038
484438
806216
129274
820260

Case #702
7802
1856
3980
4346

Case #703
157384076
479279567
999834237
208951270
098789480
959613095
087709462
065554446
490075887

Case #704
15
64

Case #705
2567485
7195907
8640144
3541154
2760229
2497029
2192154

Case #706
124043
317383
570328
707399
057959
447137

Case #707
39
48

Case #708
54
48

Case #709
2156173
3333359
9868979
3330253
9853708
9226725
6981549

Case #710
3807
5886
1137
8912

Case #711
3112479
4268654
9466994
9230681
5071789
7752332
3505087

Case #712
8868
4792
6368
6775

Case #713
3191331
9375706
1275233
3937712
4209213
4485285
0583134

Case #714
50
54

Case #715
638895785
631210929
188247959
113185891
246436399
629710754
535066892
870064505
666742691

Case #716
5926
3600
2164
5578

Case #717
58108
62463
62454
13853
71768

Case #718
571385
671170
723088
767043
204273
975920

Case #719
821855
636908
904086
854072
391738
517256

Case #720
7738
0778
9585
8511

Case #721
56
80

Case #722
7760
6302
5940
8592

Case #723
01
50

Case #724
7738382
8285037
7104795
3449483
7029008
1817375
4164398

Case #725
38460532
89985026
46917698
05572198
79185420
50712181
97446308
20496671

Case #726
138860
701354
342893
712469
378624
246885

Case #727
17510716
85021008
87547164
53171090
17418919
30311472
35205034
21716035

Case #728
821
177
499

Case #729
68
11

Case #730
39373694
92208507
94043579
78574432
24253111
27082941
10622981
17630860

Case #731
77186
80242
39737
94523
27198

Case #732
496
352
211

Case #733
04
00

Case #734
85
46

Case #735
155444448
565327966
619937526
344579128
929206586
867170377
638348262
339428177
818307044

Case #736
0004922
6254885
3920922
8666513
5194561
4926707
6590056

Case #737
08911932
06554519
74914224
43180021
13340807
03356966
05949004
90625387

Case #738
77
25

Case #739
093256
326674
639273
782069
612018
341589

Case #740
253781
371205
166410
429864
171620
072014

Case #741
4657
1401
8696
0270

Case #742
7732978
1269979
5843878
4355117
6366287
2889337
2622579

Case #743
7809427
4887994
9891712
4903828
7710418
0761328
6612799

Case #744
70365852
42801419
62407364
31911746
04008779
57546799
54866505
89965595

Case #745
7367
6998
7677
9971

Case #746
985
751
822

Case #747
33
93

Case #748
85077657
45608035
67386923
06007500
71698970
95579806
99446540
22533095

Case #749
72013382
45556635
35047476
05594151
81314824
88307981
19590419
52835785

Case #750
6481
9217
0765
2114

Case #751
06261
72895
31671
76000
00193

Case #752
997637891
090967046
180484939
093283408
688217842
235772385
971447140
546783355
616194029

Case #753
860767437
712380714
995171935
873193688
047190837
080127621
566921884
090839633
591034118

Case #754
07076
40813
51047
14608
51575

Case #755
342183859
849167612
928939708
394461444
620496795
118369772
019847092
702008828
557727187

Case #756
330753
465329
712896
540907
913412
214665

Case #757
4011419
4233563
1511902
8891732
1730248
1806607
1843242

Case #758
018218
681989
473157
678272
528972
967452

Case #759
9408997
1618659
3493601
5299519
8426466
6780444
1202295

Case #760
864595016
856893414
111973724
214507753
864516656
873826878
463023898
180918854
899914737

Case #761
1350
7170
1009
4409

Case #762
73
89

Case #763
427700623
798513281
788805392
772888728
777413189
549366367
299717786
087623229
369153292

Case #764
0241122
5682588
5389185
3547652
3293450
7185459
5273634

Case #765
24
91

Case #766
1299
2198
1004
0508

Case #767
20993671
68789401
82927606
09896744
77415437
66941679
68465029
62247774

Case #768
893
386
690

Case #769
3392
8049
3261
0653

Case #770
75436107
45283521
16198651
42453174
36228258
19863357
46516846
39533922

Case #771
934177367
880014309
091409819
175094373
099547510
937253919
307056902
260361270
143035154

Case #772
24254
02069
64503
93565
31954

Case #773
808
296
737

Case #774
6705404
1534608
6672427
8956703
1094474
8527065
3119733

Case #775
949
836
515

Case #776
468
947
196

Case #777
76315544
11917306
26254404
86563980
10361882
46949015
20674753
44779777

Case #778
69494770
21368798
05979325
26450158
50102323
70491431
02567379
04871235

Case #779
93219267
67177863
10188508
46576085
83979397
83516990
10279119
42707309

Case #780
81883255
32826770
96581287
03361486
40039554
33805148
00929262
20343983

Case #781
6632
1538
6307
5164

Case #782
313978362
608170318
593123569
777927489
632834673
566303178
344678066
661954918
550428521

Case #783
0379220
0548707
5821414
7748067
4183538
8652719
2175452

Case #784
3715789
2419299
0948701
5746828
4324812
8895702
7210649

Case #785
10
46

Case #786
522292
729616
695714
809591
362984
405203

Case #787
284370
281589
262187
726914
539043
716275

Case #788
70550768
65924446
99526069
61769846
55856464
17117289
09270699
79948595

Case #789
54684
90806
74457
62892
77596

Case #790
8927
7773
2316
2930

Case #791
176988
195617
999852
668801
954413
100806

Case #792
6673
6828
7033
0158

Case #793
014534
297681
813731
406582
634494
089804

Case #794
946864109
602224999
348205873
204603923
581534012
953718050
308871062
865646939
975078209

Case #795
455283943
017199519
794664422
959832974
406028649
974491898
336967285
912240499
023754791

Case #796
29344587
44223273
59810584
21855624
74242920
46261213
47470564
08658858

Case #797
258832618
776152472
415677285
625080249
669513811
878721655
130398057
634617815
081726982

Case #798
77075075
39344093
19868717
82393568
80113576
69961088
68915118
68694425

Case #799
612
329
755

Case #800
023058
719511
018919
417456
679086
325185

Case #801
9357912
4143881
5944142
8777055
9832232
5299047
6539955

Case #802
917500
456233
423669
755914
137819
890956

Case #803
2365
9183
3679
3645

Case #804
183
333
946

Case #805
54383
83846
79350
71077
61437

Case #806
6163
8383
7211
9584

Case #807
0355198
9837598
7999312
4033287
3767173
5398095
6580246

Case #808
63374
26318
10798
46356
05643

Case #809
901780
779353
597675
493332
484223
566617

Case #810
565239792
145099825
708307968
009424565
199971663
345316144
557336116
687023159
169604305

Case #811
39
52

Case #812
671901794
668522850
439829342
563674497
467214536
586679401
639428887
407064850
903368704

Case #813
95
15

Case #814
7978
6631
1037
7751

Case #815
1543310
0384950
3004745
3966122
4507256
2469177
5377186

Case #816
7828
4974
7057
0631

Case #817
62000
82042
98630
13893
08796

Case #818
440728348
663011335
203228521
045306457
806041686
382398467
994318517
729862934
944130179

Case #819
34722
68194
21527
95572
66920

Case #820
42
96

Case #821
814952
860718
230495
066212
695424
611644

Case #822
61108931
39040395
64548658
47093483
70274261
25671394
30393984
14504003

Case #823
108
672
579

Case #824
494229599
703254858
857826232
915108995
905748316
727478024
979657794
670182548
310346272

Case #825
4616211
7042037
8652866
0522605
6691290
2325148
1416513

Case #826
624230282
333620014
120932416
423870419
667173804
439607526
458154139
794583766
272941671

Case #827
0186
2313
9155
7483

Case #828
4624
7332
0984
2407

Case #829
43345418
13735708
11046330
63549744
28006175
60926044
44895331
14546294

Case #830
788
469
164

Case #831
351242101
138738026
737704045
741510695
747993351
156003491
791343739
144252930
076665928

Case #832
55
62

Case #833
193868
759613
355098
435511
223573
592109

Case #834
848622
672641
280795
069930
369549
634969

Case #835
93003
05046
03612
35480
41003

Case #836
72913154
40624737
93447660
65802117
36693148
90981663
98370758
36914073

Case #837
18767
41466
97808
38585
26912

Case #838
03677849
47799133
20864633
20559221
49193541
30996047
62203427
51897021

Case #839
9031185
8739925
3217305
7025381
7200394
4510237
3164467

Case #840
2591033
8410423
6030998
4803184
6651520
9858967
0188739

Case #841
51343
12240
39706
82615
61833

Case #842
47
55

Case #843
107992012
628827130
953293137
635140076
974213526
059168084
049464589
745371090
533044793

Case #844
136985
213535
260418
797167
887547
642242

Case #845
91
34

Case #846
336013637
342250731
372132796
710079098
775847653
147020687
462270312
585459719
406421367

Case #847
49159349
97023932
71475960
96925047
25180525
40933760
62839001
03069304

Case #848
594523
633124
218494
469315
681422
053368

Case #849
2976597
6438308
4381623
6950766
4790502
2737341
8183284

Case #850
266040933
532075039
708155398
582491966
403210827
736310047
436619611
847910797
605347616

Case #851
364
252
871

Case #852
34938411
63936656
41940476
16212114
77374318
38301266
24763759
33010901

Case #853
3134278
4484462
3229342
4571606
2625873
0809165
3906118

Case #854
800500828
315273301
166849441
976637837
134364781
446556954
181351056
162405622
756506773

Case #855
09138
10880
54794
05167
87373

Case #856
94
28

Case #857
94687079
86740459
85367885
07309107
72572456
88558419
39126793
39108108

Case #858
42483221
67083590
84416065
23869801
13789988
29309444
09529456
01966092

Case #859
32976538
36636487
85244260
95706824
89265475
60219963
95699960
64033475

Case #860
6312511
3339913
2992346
5182587
8236659
0814577
2538316

Case #861
58652326
41396965
41027888
91288041
27444470
02935636
38167831
06201336

Case #862
54
59

Case #863
4823966
2619775
5928323
6563449
1365980
5609248
2580044

Case #864
6825673
6800696
9828808
4526612
3438651
4030666
8172261

Case #865
94
20

Case #866
772004837
520872064
653774399
984633688
918962791
410300093
961821401
251997305
457936431

Case #867
7933162
4622496
1563130
7256454
4090446
7686818
9316805

Case #868
3072
7879
0324
1930

Case #869
25117
76735
87297
68258
72012

Case #870
7845041
5291263
0813397
3488570
4445390
1095314
8814624

Case #871
43
81

Case #872
716334444
179330237
758284928
189409330
973587523
021309607
045708284
615597372
175958994

Case #873
611147411
845797531
406481928
254173077
359375912
621635671
930824926
826616143
412179274

Case #874
777255
326657
515464
208332
894169
583635

Case #875
61
88

Case #876
75980
76961
29320
37291
71962

Case #877
20149
89223
79788
63268
11610

Case #878
64629492
69467231
59737911
51178988
77393269
16873038
92073646
36025399

Case #879
98509397
69583080
54496689
87844121
13829276
65159826
39542028
90414192

Case #880
212
362
908

Case #881
760
050
730

Case #882
5858
7789
6889
6543

Case #883
6313723
7486566
2533700
5608062
3515742
0252034
9511857

Case #884
13
74

Case #885
25265030
97043734
98570993
68454244
77791929
68157640
17887965
77211482

Case #886
067
556
153

Case #887
800614774
266171656
851068050
076697842
277638775
536429539
003939797
589262436
250710870

Case #888
051337250
458604374
352558482
806190349
087244843
589670765
456178317
549338780
479678460

Case #889
07675211
25236511
05073432
40871743
91813638
26382451
07337572
39475316

Case #890
3087600
7863226
8512798
2261402
4750955
3242704
1095685

Case #891
91
94

Case #892
7154771
4714075
7309398
9806805
7761834
2369863
3474887

Case #893
3185681
4414382
9667119
4589544
5337646
4445789
3155420

Case #894
166
013
515

Case #895
09
28

Case #896
36398805
97600958
67885351
76230747
69190462
72062708
18521060
58159921

Case #897
04847488
06229570
33808648
50932975
82817902
32286482
48363721
52636712

Case #898
7499
8224
8180
9812

Case #899
889389
059936
463958
590506
079544
625148

Case #900
222893374
878588872
528827738
822962671
803049034
334338130
471734362
668286909
510374496

Case #901
4148099
2210698
0679752
9010124
0668722
1964652
4958459

Case #902
405
266
336

Case #903
745
031
258

Case #904
54814
37300
87888
72879
10449

Case #905
0822243
5638217
8719419
5232294
0355802
3012425
1363671

Case #906
093041
281222
702386
480456
581794
062765

Case #907
75120558
80497546
89954704
36097367
02789265
02886878
07675808
00988393

Case #908
376
342
257

Case #909
545
383
560

Case #910
196
401
078

Case #911
38190
76211
72940
69949
02334

Case #912
3257
6462
6754
1333

Case #913
1664
2765
0480
5697

Case #914
18
91

Case #915
522788
717503
890444
633714
031553
457115

Case #916
48114
82190
01579
04960
00799

Case #917
5494
9592
9478
6033

Case #918
4322
1764
0283
3312

Case #919
504
631
123

Case #920
53502079
48509932
78243961
60002887
67313770
43243313
29109684
58430893

Case #921
9116965
9055105
6946302
2731925
1478142
3721636
4053501

Case #922
293432
259685
668039
366224
479202
039123

Case #923
76159
46150
20292
71561
45077

Case #924
64
06

Case #925
189956995
156579062
854941897
050350324
805058967
106397275
422300940
385759649
096529277

Case #926
80
28

Case #927
19527
45346
29807
83826
53157

Case #928
243
501
171

Case #929
599
679
405

Case #930
767678165
109062783
544635012
337878498
002489055
985473525
561968476
347020807
508102219

Case #931
51323
12121
82312
69803
93246

Case #932
072568
836339
776222
753654
028316
048561

Case #933
5918551
0934976
4648259
0137781
9957301
0300217
6769655

Case #934
6754
5937
0845
7738

Case #935
6660110
2046400
1193949
4145655
3682580
1650219
0323483

Case #936
17190108
07245617
32760282
34662526
22135709
99916971
35077323
17676241

Case #937
4302573
5205278
2303717
0860898
6468269
6010483
5836979

Case #938
60
29

Case #939
559952566
790856237
645714350
748673857
127591525
398679180
862755480
273352708
714974833

Case #940
280
699
371

Case #941
998
011
027

Case #942
49
86

Case #943
44
17

Case #944
473
614
364

Case #945
0178
6220
4858
1517

Case #946
6515
3954
7280
0660

Case #947
1705
3231
0233
7098

Case #948
003391
136448
082780
557204
741220
351371

Case #949
89474899
89326804
26735400
76012896
98986065
57317988
57560555
25275094

Case #950
938315
809510
923831
851271
065164
559786

Case #951
98
57

Case #952
909042822
779648145
575160797
751363162
721611304
408770282
323342319
012064880
531507903

Case #953
8993
7948
0213
2009

Case #954
387785
435668
838934
766511
479233
915149

Case #955
8225006
0895005
1252613
3843888
2316086
2408073
6081710

Case #956
22381538
38094812
66215740
59237998
80682039
49591012
22464616
52512846

Case #957
56
46

Case #958
778044225
304055966
346037623
195226986
710971108
664227088
322094465
621714301
617874845

Case #959
77793351
59338115
68052274
21423602
09848456
32032803
69787891
25493430

Case #960
35
39

Case #961
8906292
4529324
7239248
6357043
9967376
9513229
3117917

Case #962
94
13

Case #963
42473233
40642963
21872604
07588979
20721274
33060259
00542313
44733913

Case #964
397694366
351100033
140664181
720520870
778007930
648539685
687789187
632417587
745778052

Case #965
1298
8851
7247
8964

Case #966
16018540
02460130
74082040
84543570
13090195
24955629
73092173
73823421

Case #967
92
28

Case #968
929628185
003051417
127236377
718784001
981308509
042409971
554878815
880644307
853942197

Case #969
898
475
700

Case #970
40882
82846
33881
85413
05219

Case #971
9997
7690
6361
6694

Case #972
74348
13359
75219
73332
44228

Case #973
7155
1952
9006
0804

Case #974
99
26

Case #975
8819
9962
4375
4387

Case #976
54979753
45057186
80078043
46223996
83982604
48560149
55693559
84964642

Case #977
12
14

Case #978
5562396
5531732
2008087
1783473
0750426
3711331
7456143

Case #979
66
50

Case #980
29645
24067
50951
17670
30592

Case #981
7664160
3834160
0465312
1169863
8922726
7917127
2992962

Case #982
596490748
795432196
958105053
233967363
928344619
653169389
291684044
552859318
335618482

Case #983
8641
6289
4223
3102

Case #984
969357695
155679864
985723091
093018828
040457179
090049674
213231704
011466942
116436416

Case #985
8441823
8292110
8892328
3748360
0124507
1460139
9225499

Case #986
425
789
320

Case #987
8199
3475
4230
0491

Case #988
42000717
31636524
31853074
53972799
51920443
98088518
20231145
01106958

Case #989
278187520
188149423
572810369
555551380
447586992
564262538
137637218
426620637
635373539

Case #990
667823841
810681905
366342393
039876446
925302553
604263638
250694105
305692941
314612894

Case #991
2902
9628
6076
1916

Case #992
5153
4652
3715
5427

Case #993
81325
05051
81632
96520
93548

Case #994
866
169
249

Case #995
6685789
2286219
8340516
1122272
5479158
5134847
8085917

Case #996
4100306
7146074
4732554
0010197
4658110
8858926
2595206

Case #997
1115
6029
2511
5476

Case #998
93
63

Case #999
02
42

Case #1000
28271291
85483911
51099523
90606123
04339332
98069749
34410699
12822832
