Matriz 1:
0, 18, 48, 0, 15, 31, 40, 3, 7, 13, 33
0, 0, 10, 40, 34, 0, 0, 0, 0, 0, 11
0, 0, 34, 23, 0, 34, 0, 9, 0, 45, 43
4, 29, 26, 29, 0, 27, 0, 0, 17, 38, 39
37, 7, 20, 44, 0, 0, 0, 0, 0, 0, 0
0, 0, 18, 17, 39, 17, 0, 0, 9, 34, 0
Matriz 2:
0, 18, 48, 0, 15, 31, 40, 3, 7, 13, 33
0, 0, 10, 40, 34, 0, 0, 0, 0, 0, 11
0, 0, 34, 23, 0, 34, 0, 9, 0, 45, 43
4, 29, 26, 29, 0, 27, 0, 0, 17, 38, 39
37, 7, 20, 44, 0, 0, 0, 0, 0, 0, 0
0, 0, 18, 17, 39, 17, 0, 0, 9, 34, 0
Max: 48
0
0
0
7
0
0
0
18
0
0
38
0
0
0
0
0
9
0
40
0---18---48---0---17---31---40---3---7---13---33
0---0---10---40---49---0---0---0---0---0---11
0---0---34---23---0---34---0---9---0---45---39
48---29---26---1---0---16---0---0---17---38---39
37---7---20---22---0---0---0---0---0---0---0
0---0---18---17---39---17---0---0---9---34---0
Max: 49
0 810 1632 0 615 527 120 60 196 195 363
0 0 340 1200 1394 0 0 0 0 0 121
0 0 1156 690 0 578 0 180 0 675 473
128 1305 884 870 0 459 0 0 476 570 429
1184 315 680 1320 0 0 0 0 0 0 0
0 0 612 510 1599 289 0 0 252 510 0
0,0,0,128,1184,0
810,0,0,1305,315,0
1632,340,1156,884,680,612
0,1200,690,870,1320,510
615,1394,0,0,0,1599
527,0,578,459,0,289
120,0,0,0,0,0
60,0,180,0,0,0
196,0,0,476,0,252
195,0,675,570,0,510
363,121,473,429,0,4
0  810  1632  0  615  527  120  60  196  195  363
0  0  340  1200  1394  0  0  0  0  0  121
0  0  1156  690  0  578  0  180  0  675  473
128  1305  884  870  0  459  0  0  476  570  429
1184  315  680  1320  0  0  0  0  0  0  0
0  0  612  510  1599  289  0  0  252  510  0
d y d4 son iguales
d y d2 son diferentes
0, 810, 1632, 0, 29, 527, 120, 60, 196, 195, 363
0, 0, 340, 5, 25, 0, 0, 0, 0, 0, 121
0, 0, 16, 690, 0, 578, 0, 180, 0, 675, 473
30, 1305, 884, 870, 0, 459, 0, 0, 476, 570, 429
34, 315, 680, 1320, 0, 0, 0, 0, 0, 0, 0
0, 0, 612, 510, 1599, 39, 0, 0, 252, 510, 0
Result:
0 . 1620 . 3264 . 0 . 644 . 1054 . 240 . 120 . 392 . 390 . 726
47 . 49 . 680 . 1205 . 1419 . 19 . 0 . 0 . 0 . 0 . 242
0 . 34 . 1172 . 1380 . 0 . 1156 . 0 . 360 . 0 . 1350 . 946
158 . 2610 . 1768 . 1740 . 0 . 918 . 0 . 0 . 952 . 1140 . 858
1218 . 630 . 1360 . 2640 . 0 . 0 . 0 . 0 . 0 . 0 . 0
0 . 0 . 1224 . 1020 . 3198 . 328 . 0 . 0 . 504 . 1020 . 0
0,47,0,158,1218,0
1620,49,34,2610,630,0
3264,680,1172,1768,1360,1224
0,1205,1380,1740,2640,1020
644,1419,0,0,0,3198
1054,19,1156,918,0,328
240,0,0,0,0,0
120,0,360,0,0,0
392,0,0,952,0,504
390,0,1350,1140,0,1020
726,242,946,858,0,4
1452
968
1672
1584
726
726
968
484
1188
1100
242
242
1672
1188
1892
1804
946
946
1584
1100
1804
1716
858
858
726
242
946
858
0
0
726
242
946
858
0
0
3240 * 0 * 0 * 0 * 0 * 0
47 * 0 * 0 * 0 * 0 * 0
1654 * 0 * 0 * 0 * 0 * 0
158 * 0 * 0 * 0 * 0 * 0
1218 * 0 * 0 * 0 * 0 * 0
1620 * 0 * 0 * 0 * 0 * 0
0
0
1224
1020
3198
328
0
0
504
1020
0
0
0
1224
1020
3198
328
0
0
504
1020
0
1224
1224
2448
2244
4422
1552
1224
1224
1728
2244
1224
1020
1020
2244
2040
4218
1348
1020
1020
1524
2040
1020
3198
3198
4422
4218
6396
3526
3198
3198
3702
4218
3198
328
328
1552
1348
3526
656
328
328
832
1348
328
0
0
1224
1020
3198
328
0
0
504
1020
0
0
0
1224
1020
3198
328
0
0
504
1020
0
504
504
1728
1524
3702
832
504
504
1008
1524
504
1020
1020
2244
2040
4218
1348
1020
1020
1524
2040
1020
0
0
1224
1020
3198
328
0
0
504
1020
0
94, 0, 0, 0, 0, 0, 0, 0, 0, 0, 0
1620, 0, 0, 0, 0, 0, 0, 0, 0, 0, 0
3264, 0, 0, 0, 0, 0, 0, 0, 0, 0, 0
1252, 0, 0, 0, 0, 0, 0, 0, 0, 0, 0
644, 0, 0, 0, 0, 0, 0, 0, 0, 0, 0
1054, 0, 0, 0, 0, 0, 0, 0, 0, 0, 0
240, 0, 0, 0, 0, 0, 0, 0, 0, 0, 0
120, 0, 0, 0, 0, 0, 0, 0, 0, 0, 0
392, 0, 0, 0, 0, 0, 0, 0, 0, 0, 0
390, 0, 0, 0, 0, 0, 0, 0, 0, 0, 0
726, 0, 0, 0, 0, 0, 0, 0, 0, 0, 0
3240---1667---0---0---0---0---0---0---0---0---0
94---0---0---0---0---0---0---0---0---0---0
1654---81---0---0---0---0---0---0---0---0---0
316---0---0---0---0---0---0---0---0---0---0
2436---0---0---0---0---0---0---0---0---0---0
1620---47---1258---0---0---0---0---0---0---0---0
3240*0*0*0*0*0
47*0*0*0*0*0
1654*0*0*0*0*0
158*0*0*0*0*0
1218*0*0*0*0*0
1620*0*0*0*0*0
Vector:
3240 0 0 0 0 0 
47 0 0 0 0 0 
1654 0 0 0 0 0 
158 0 0 0 0 0 
1218 0 0 0 0 0 
1620 0 0 0 0 0 
3240...0...0...0...0...0
47...0...0...0...0...0
1654...0...0...0...0...0
158...0...0...0...0...0
1218...0...0...0...0...0
1620...0...0...0...0...0
1---[]---15---[]---34---[]---43---[]---8---[]---38---[]---39---[]---16---[]---41---[]---29---[]---22---[]---39
23---[]---1---[]---7---[]---3---[]---16---[]---31---[]---49---[]---49---[]---38---[]---29---[]---6---[]---36
29---[]---19---[]---14---[]---5---[]---25---[]---22---[]---13---[]---41---[]---32---[]---12---[]---5---[]---19
32---[]---46---[]---20---[]---39---[]---32---[]---30---[]---25---[]---45---[]---9---[]---17---[]---27---[]---2
46---[]---17---[]---10---[]---34---[]---38---[]---26---[]---48---[]---18---[]---12---[]---45---[]---8---[]---27
7---[]---27---[]---25---[]---17---[]---23---[]---34---[]---23---[]---27---[]---10---[]---10---[]---22---[]---15
38---[]---49---[]---48---[]---20---[]---46---[]---25---[]---10---[]---28---[]---7---[]---31---[]---33---[]---42
21---[]---33---[]---30---[]---1---[]---9---[]---32---[]---17---[]---23---[]---3---[]---10---[]---9---[]---47
32---[]---1---[]---27---[]---1---[]---47---[]---22---[]---20---[]---25---[]---49---[]---39---[]---26---[]---35
40---[]---15---[]---1---[]---30---[]---25---[]---8---[]---4---[]---12---[]---9---[]---21---[]---16---[]---11
16---[]---30---[]---29---[]---39---[]---10---[]---48---[]---39---[]---14---[]---32---[]---27---[]---7---[]---45
41---[]---45---[]---21---[]---44---[]---45---[]---8---[]---22---[]---33---[]---18---[]---44---[]---36---[]---3
6481-.-2557-.-0-.-0-.-0-.-0-.-0-.-0-.-0-.-0-.-0-.-0
1831-.-0-.-0-.-0-.-0-.-0-.-0-.-0-.-0-.-0-.-0-.-0
6606-.-0-.-0-.-0-.-0-.-0-.-0-.-0-.-0-.-0-.-0-.-0
584-.-0-.-0-.-0-.-0-.-0-.-0-.-0-.-0-.-0-.-0-.-0
4415-.-0-.-0-.-0-.-0-.-0-.-0-.-0-.-0-.-0-.-0-.-0
4301-.-0-.-0-.-0-.-0-.-0-.-0-.-0-.-0-.-0-.-0-.-0
278-.-49-.-48-.-20-.-46-.-25-.-10-.-28-.-7-.-31-.-33-.-42
141-.-33-.-390-.-1-.-9-.-32-.-17-.-23-.-3-.-10-.-9-.-47
424-.-1-.-27-.-953-.-47-.-526-.-20-.-25-.-49-.-39-.-26-.-35
430-.-15-.-1351-.-1170-.-25-.-1028-.-4-.-12-.-9-.-21-.-16-.-11
742-.-272-.-975-.-897-.-10-.-48-.-39-.-14-.-32-.-27-.-7-.-45
41-.-45-.-21-.-44-.-45-.-8-.-22-.-33-.-18-.-44-.-36-.-3
Max: 9610
--------------------------------------
Row Vec 3:
(584, 0)
(4656, 0)
(5458, 0)
(2166, 0)
(1070, 0)
(2398, 0)
(666, 0)
(546, 0)
(1770, 0)
(1956, 0)
(2010, 0)
(5400, 1)
(7854, 1)
(7643, 1)
(8140, 1)
(6614, 1)
(6132, 1)
(6147, 1)
(6335, 1)
(6295, 1)
(4236, 2)
(6722, 2)
(7018, 2)
(7198, 2)
(6152, 2)
(4438, 2)
(5030, 2)
(6568, 2)
(5882, 2)
(4706, 3)
(9610, 3)
(7926, 3)
(7870, 3)
(6226, 3)
(6294, 3)
(6670, 3)
(6106, 3)
(4048, 4)
(5912, 4)
(5800, 4)
(7052, 4)
(3590, 4)
(3624, 4)
(3812, 4)
(3530, 4)
(2601, 5)
(5053, 5)
(5435, 5)
(5203, 5)
(5641, 5)
(3689, 5)
(3899, 5)
(4603, 5)
(3301, 5)
(49, 6)
(45, 7)
(1454, 8)
(1765, 9)
(1353, 10)
(2, 11)
